.6615414832803500035597979886227411601104 1.000000000000000000000000000000000000000
.2857117389214536767973417527718823881575 1.000000000000000000000000000000000000000
.1698805068332801282709774094231113691551 1.000000000000000000000000000000000000000
.2321398184753021101738000598195405010212 1.000000000000000000000000000000000000000
.3297221858038842987647190391784721465380e-1 .5164861092901942149382359519589236073271 1.000000000000000000000000000000000000000
.5000000000000000000000000000000000000001 1.000000000000000000000000000000000000000
.2286189060348950150332900248835184266216 .9999999999999999999999999999999999999999
.1966240304254261597679847666256329613858e-1 .5098312015212713079883992383312816480694 1.000000000000000000000000000000000000000
.1357676741068965153830850140283451797448e-1 .5067883837053448257691542507014172589874 1.000000000000000000000000000000000000000
.1023148450168439782698851645651737890839 1
.1056720808167383324019751492093784170894e-1 1
.4311363388351982963897237807044101069187e-1 .9999999999999999999999999999999999999997
.5196496216386519137788597254497784663670e-1 1.000000000000000000000000000000000000000
.4660957179218444279557575080519119651348 .9775025780529073948120576428356184698474 .9999999999999999999999999999999999999962
.9139878157865566664292213348398398820981 .9540777265375474707822304934044345567157 .9980649475991591078403995036147095818853 .9999999999999999999999999999999999999998
.97769513665080748957800328847648230197 .99999999999999999999999999999999999999
.9521598179071332961526783226032395304727 .9979841316155403775585736062527598510617 1.000000000000000000000000000000000000000
.9539546913140707625282368689673626501555 1.000000000000000000000000000000000000000
.9550612686747452073690302821377217495650 .9989747803546108013237669024907024109395 .9999843472647701666553040210877652209210 .9999998204878868388793909195704638653422 .9999999983517544109598167618106303272070 .9999999999873828846996729308340245042384 .9999999999999171922604089409625176749016 .9999999999999995243697302302299775249613 .9999999999999999975713146329390999102157 .9999999999999999999888376390731900493877 .9999999999999999999999533578493817323656 .9999999999999999999999998213364820968846 .9999999999999999999999999993682438968711 .9999999999999999999999999999979255975773 .9999999999999999999999999999999936425159 .9999999999999999999999999999999999817334 .9999999999999999999999999999999999999506 .9999999999999999999999999999999999999999 1.000000000000000000000000000000000000000 1.000000000000000000000000000000000000000
.9771862797378740662873997304325869905702 .9996516872023702018214046590455463010865 .9999960054031819042943298425733248457430 .9999999633223827101256501352203632956117 .9999999997192373943757404699494912283129 .9999999999981573191510076628541588489662 .9999999999999894160280955133682909464072 .9999999999999999459556312464027936623003 .9999999999999999997516093445980995881240 .9999999999999999999989620946287805960050 .9999999999999999999999960242865645228044 .9999999999999999999999999859418349272832 .9999999999999999999999999999538393194128 .9999999999999999999999999999998585299604 .9999999999999999999999999999999995935221 .9999999999999999999999999999999999989007 .9999999999999999999999999999999999999978 1.000000000000000000000000000000000000000 1.000000000000000000000000000000000000000 1.000000000000000000000000000000000000000
.9847323104856314178920667124908185690982 .9998249037521194071723119190695618780155 .9999983923000339946972634921466209406162 .9999999876932564089353741835555768298186 .9999999999192292695877641165103673932595 .9999999999995360698832597876768396476902 .9999999999999976310584975779398053107059 .9999999999999999891122249002822776027022 .9999999999999999999545052118070161218382 .9999999999999999999998257314725613843268 .9999999999999999999999993837846299862213 .9999999999999999999999999979766263434091 .9999999999999999999999999999937989053091 .9999999999999999999999999999999821827449 .9999999999999999999999999999999999518152 .9999999999999999999999999999999999999025 1 1 1 1
.3890237728269593678814398154419828898621 .9114931384895867641969246743731220150793 .9999999999999999999999999999999999999994
.6559227647181332533012995905935130884422e-1 .8969474012869051805330585595762860412470 1.000000000000000000000000000000000000000
.9569939078932783332146106674199199410490 .9999999999999999999999999999999999999995
.7662041853012229678832785377155320832235 1.000000000000000000000000000000000000000
.8551386165711708936181217118224947363162 .9999999999999999999999999999999999999999
.8146572070015435802281410071569352458909 .9999999999999999999999999999999999999998
.8861357849075398400821966071265393351415e-1 .6134350169835053300061373113153519193682 1.000000000000000000000000000000000000001
.4295431639979207567175927561672647082092 .4733432428915177337050011452215044407367 .4787725856826957794261363365595570309004 .5475872723594632884884733085852512921612 .9999999999999999999999999999999999999993
.9480124438913205036436956522607205794343 .9527049836911451337231084141139528277556 .9953074602001753699205872381467677516776 .9999999999999999999999999999999999999989
.5526733385906650026654778640143495059650 .8951389562411822848282808143846781557818 .9486682066967931248506996659749562401094 1.000000000000000000000000000000000000000
.5758495256311288285690935226182953220337 1.000000000000000000000000000000000000000
.1864847989136442137746712115068253002554 1.000000000000000000000000000000000000000
.9779739213685360550560686854869008097841 1
.9508108124664976286886788203120565432783 1
.4096412101816657292876344356679174772559 1
.7067774192053311703331145198406950816009e-1 1
