0.6555410421528204868268866226466062451797
0.2819959453606310344033925095368809490853
0.1710692050781203161735415238933961027360
0.2305097115910830985084671172699999783268
0.01070828643549451802688641337274819561550 0.5053541432177472590134432066863740978076
0.5
0.2293834507206473691014551584061148930687
0.006340323787193681923428935497088356992176 0.5031701618935968409617144677485441784967
0.004395833657000865282203577263455120009365 0.5021979168285004326411017886317275600045
0.09887227621809492172304264670026514061165
0.003466846030940132430227668562158782282799
0.01422380197405583875806444106805263802667
0.01737561898560579587889689732716192405696
0.4660450662320354787903273100640185592406 0.9774590972165085034485311855558614455188
0.9139368590062744342410859200525609975617 0.9540461612508322732477649298989160368402 0.9980600591056185102722396536364380662360
0.9776814277807337582047753429048138191305
0.9521259671995741157203691395948569482917 0.9979789981308103669345925654562132853290
0.9538650223032189450975073317278092068268
0.9550334481575270053951502366549727789542 0.9989735007680102013291621746569884681723 0.9999843178378923281955614210534971206075 0.9999998200367301044262799250014866620138 0.9999999983465667452746364296562155442393 0.9999999999873351640312566417971884601512 0.9999999999999168264468284829202084153866 0.9999999999999995219661072079021334691215 0.9999999999999999975574954949455628470009 0.9999999999999999999887670165802121631832 0.9999999999999999999999530330257194233578 0.9999999999999999999999998199782949930608 0.9999999999999999999999999993630381505608 0.9999999999999999999999999999979071794990 0.9999999999999999999999999999999935820064 0.9999999999999999999999999999999999815474
0.9771719380310539506835922490163142274384 0.9996512482842222455070277752132408328031 0.9999959978414505514727594363181515406030 0.9999999632297077054589908737677468542814 0.9999999997183498522832957585512522730404 0.9999999999981503239682933437721104538053 0.9999999999999893691227544698529755475621 0.9999999999999999456817477664058216948548 0.9999999999999999997501924661882176435655 0.9999999999999999999989555131012688823577 0.9999999999999999999999959965419265948626 0.9999999999999999999999999858347633220674 0.9999999999999999999999999999534582836531 0.9999999999999999999999999999998572718322 0.9999999999999999999999999999999995896387 0.9999999999999999999999999999999999988817
0.9847226752646731123351474179133651081545 0.9998246825089710713085960972083725510078 0.9999983892503733097821182943648635319675 0.9999999876621086757235673281267270162434 0.9999999999189735846072764943619199108758 0.9999999999995343066240142607744805857090 0.9999999999999976205491159308429811929007 0.9999999999999999890569977358741268058598 0.9999999999999999999542454852211293235191 0.9999999999999999999998246255823708902305 0.9999999999999999999999993794814164598366 0.9999999999999999999999999979612059746853 0.9999999999999999999999999999937476876956 0.9999999999999999999999999999999820236046 0.9999999999999999999999999999999999507940 0.9999999999999999999999999999999999993123
0.3863227063309027336506058624601703661740 0.9088059822521392309530307441326839766969
0.06637631584521710489998629353555705945149 0.8961766896243411025736650083886381432380
0.9569684295031372171205429600262804987799
0.7645864681449901009421614081667122271607
0.8513974385419680154225908152525064030393
0.8090244526538951837665827083281588238568
0.08184238593247331757456964793851919317540 0.6050878717128776913491864915553720587440
0.4687726682350615367469967761262876115640 0.4840732318240778872377177335545771773423 0.4859876141413456679739559772200619883494 0.5099201741546085451412551360397417305752
0.9540491337469277059706423164397971723497 0.9555744169570150147394317043489263698206 0.9984747167899126912312106120908708025272
0.5533484221924193919260021788667853152309 0.8938234908771469242303775876220312157613 0.9481857255727188690803208734275131746908
0.5698863438733317955290547438303024329290
0.1716656759222132629226192230232961943669
0.9779613764891599617765672896377688574596
0.9506620864108942651158377626844727753263
0.4075315156808300986428709834840174147792
0.02383502205703488950551945928507080127172
0.9617029016575161644090151194677722784252 0.9992571211227633357086440505803855253763 0.9999903618134242627695599818139397187029 0.9999999060922136444235986553618247720552 0.9999999992675434880228427269489253365908 0.9999999999952374108887295211514190567229 0.9999999999999734503377339534336327049414 0.9999999999999998704759161357295207708913 0.9999999999999999994382580770105886255184 0.9999999999999999999978071948269541795638 0.9999999999999999999999922179079747449904 0.9999999999999999999999999746823174098327 0.9999999999999999999999999999239664943865 0.9999999999999999999999999999997879619226 0.9999999999999999999999999999999994480885 0.9999999999999999999999999999999999986534
0.9598289352871135523909375929792625527445
0.7051839276326086024069249978055580129852
0.1362580553709650205671587958348816463879 0.9499457730822961285528195238226739139358
0.9632546611819397845416978125708145085422 0.9993164656312055664193023893263942562695 0.9999914967483877003086890305724743297400 0.9999999205644099078376895278482274638362 0.9999999994059713223176198158992703544048 0.9999999999962968270424259729729011135994 0.9999999999999802079403148857670610568700 0.9999999999999999074277482869242929166565 0.9999999999999999996150862000367702727941 0.9999999999999999999985594723005564181651 0.9999999999999999999999950986944041751288 0.9999999999999999999999999847126432165110 0.9999999999999999999999999999559844785590 0.9999999999999999999999999999998823189423 0.9999999999999999999999999999999997063343 0.9999999999999999999999999999999999993133
0.5228832048293774359172171012578365967854
0.8483959782128407402217490283458052417165 0.9258937769867637784959677934748608918619
