.6651976010855969674619361458711870945317 1.000000000000000000000000000000000000000
.2879792796490107467990507815807748408565 1.000000000000000000000000000000000000000
.1691361237036778092540326855582133232300 1.000000000000000000000000000000000000000
.2331347438432495401982237674389094906261 .9999999999999999999999999999999999999999
.4645501899890996174884694183610803513660e-1 .5232275094994549808744234709180540175678 .9999999999999999999999999999999999999990
.5000000000000000000000000000000000000002 1.000000000000000000000000000000000000000
.2281278158067843646749630277008778210202 .9999999999999999999999999999999999999998
.2782396113099409956297376297221413160460e-1 .5139119805654970497814868814861070658020 .9999999999999999999999999999999999999994
.1916428416564406843390704009573862532343e-1 .5095821420828220342169535200478693126617 1.000000000000000000000000000000000000000
.1043756847469224992962997812644779322683 1
.1479732889083996418276997202552137948101e-1 1
.6017944902256104948252582023661007210091e-1 1.000000000000000000000000000000000000000
.7196480803595303321718913285737215090313e-1 .9999999999999999999999999999999999999998
.4661505429109697744255230096251177816956 .9775494503660056092437605094047888730478 .9999999999999999999999999999999999999987
.9140443325960762780575398321890363668942 .9541126136226900689132226062067430547826 .9980702480226250967004718489912574198830 .9999999999999999999999999999999999999998
.97771034061890703052686090034799644524 .99999999999999999999999999999999999999
.9521972391678182021133012436704133040885 .9979896987054051028417580522462619274404 .9999999999999999999999999999999999999999
.9540513724251888587905881623292882577674 1.000000000000000000000000000000000000000
.9550921230297004417646173417428789403881 .9989761985328268405728776545701087949710 .9999843798570823080380202484348421982524 .9999998209872405601711001337814333018478 .9999999983574924393363698519145014835568 .9999999999874356328332730931307046964772 .9999999999999175963431254902572543765433 .9999999999999995270230322101100916666992 .9999999999999999975865590617978060719154 .9999999999999999999889154934674696490546 .9999999999999999999999537156965869580871 .9999999999999999999999998228317515528800 .9999999999999999999999999993739712340464 .9999999999999999999999999999979458475272 .9999999999999999999999999999999937089990 .9999999999999999999999999999999999819371 .9999999999999999999999999999999999999512 .9999999999999999999999999999999999999999 1.000000000000000000000000000000000000000 1.000000000000000000000000000000000000000
.9772021850899283303635250004406578172952 .9996521736503370542717457938723438538692 .9999960137781717398609349245056145956640 .9999999634249563445200248006954659532345 .9999999997202190792711816723767059141954 .9999999999981650511573056875080263119043 .9999999999999894678395039093090995362427 .9999999999999999462579596047625170712242 .9999999999999999997531723323313359543830 .9999999999999999999989693499996970982794 .9999999999999999999999960548513891161531 .9999999999999999999999999860597113872109 .9999999999999999999999999999542585263125 .9999999999999999999999999999998599131951 .9999999999999999999999999999999995977788 .9999999999999999999999999999999999989133 .9999999999999999999999999999999999999978 1.000000000000000000000000000000000000000 1.000000000000000000000000000000000000000 1.000000000000000000000000000000000000000
.9847429961584045396421204075276263115186 .9998251489520384211438432625069476003793 .9999983956776647343614212741530076653021 .9999999877277308447128375008720822643137 .9999999999195120738574088216612149882389 .9999999999995380188611217398079936404688 .9999999999999976426670447484331412697486 .9999999999999999891731874900159854004095 .9999999999999999999547917199798135539978 .9999999999999999999998269505816041628490 .9999999999999999999999993885252306952229 .9999999999999999999999999979936027260522 .9999999999999999999999999999938552529941 .9999999999999999999999999999999823570286 .9999999999999999999999999999999999523345 .9999999999999999999999999999999999999023 1 1 1 1
.3906516400135829685242865736893829818360 .9131055784987327476419779028179435116417 .9999999999999999999999999999999999999995
.6510830114524820514173597762279707376994e-1 .8974321955355912096105944173037614785060 1.000000000000000000000000000000000000001
.9570221662980381390287699160945181834466 .9999999999999999999999999999999999999990
.7672214275425159208575253166645496079294 1.000000000000000000000000000000000000000
.8573977921213996314700331730739379402845 1.000000000000000000000000000000000000000
.8180397065245922841558131386150929724958 1.000000000000000000000000000000000000000
.9275039309528275890005663593726892300919e-1 .6185219754009270976831703041855192197605 .9999999999999999999999999999999999999999
.4082924964821462039316725104154102947985 .4674742786496205570311862402356492134126 .4747672874195477718545452007516444690609 .5679988009813443619041827083353754233323 .9999999999999999999999999999999999999998
.9443765680836879207558913520375843628555 .9509833106752759695842193967100761195413 .9933932574084119511716719553275082433140 .9999999999999999999999999999999999999998
.5523236825545548274814745084404667798912 .8959520328937050668003092384059201364360 .9489751642073431505275170117951319157275 1.000000000000000000000000000000000000001
.5795225242361144872196738172939524601145 1.000000000000000000000000000000000000000
.1955816851850097134974227298840741018807 1.000000000000000000000000000000000000000
.9779878765099075142964085948678533144073 1
.9509145100327726671215115601991907561742 1
.4109048499591043349983822288888868330847 1
.9739679344001573399445493963742074200606e-1 1
