.6554828694400191053580522747732445925295 .9999999999999999999999999999999999999998
.2819599570144786861812161244742556502535 1.000000000000000000000000000000000000000
.1710805300771953607079513563155294593528 .9999999999999999999999999999999999999999
.2304939245683050361465251644551291253196 1.000000000000000000000000000000000000000
.1049161905385143899819365011607635612000e-1 .5052458095269257194990968250580381780600 1.000000000000000000000000000000000000000
.5000000000000000000000000000000000000005 1.000000000000000000000000000000000000001
.2293906138654120815232837852494691211930 1.000000000000000000000000000000000000000
.6211608192538779629341215804977867172935e-2 .5031058040962693898146706079024889335867 1.000000000000000000000000000000000000000
.4306762784306981741738802945977214579971e-2 .5021533813921534908708694014729886072902 1.000000000000000000000000000000000000000
.9883853176333715697807141072472118303137e-1 1
.3397034693621610456156423239028744632855e-2 1
.1393816364406663508364967218297299948246e-1 1.000000000000000000000000000000000000000
.1702895461509294433999731957283858317434e-1 1.000000000000000000000000000000000000000
.4660448236292321853614485334179461733415 .9774588882930305117925633953928690193196 1.000000000000000000000000000000000000003
.9139366196864386281104912070364764757454 .9540460125856078710466701977710663367779 .9980600357304726143772458446277722027349 1.000000000000000000000000000000000000000
.97768136339523260978476718467537144348 .99999999999999999999999999999999999999
.9521258078009664929348742134536965641811 .9979789735880563690112326505212489970341 1.000000000000000000000000000000000000000
.9538645915145742239513048725846731731260 1.000000000000000000000000000000000000000
.9550333174942537091195158934837490645331 .9989734947563258457513077193362625776612 .9999843176995965857141265765023443379687 .9999998200346091555920584564873877009568 .9999999983465423495997768478409590294119 .9999999999873349395472173280131206824994 .9999999999999168247254480812463660010632 .9999999999999995219547930704580375483816 .9999999999999999975574304259505097640241 .9999999999999999999887666839404004906597 .9999999999999999999999530314952774702066 .9999999999999999999999998199718937132226 .9999999999999999999999999993630136075298 .9999999999999999999999999999979070926379 .9999999999999999999999999999999935817213 .9999999999999999999999999999999999815469 .9999999999999999999999999999999999999501 .9999999999999999999999999999999999999999 1.000000000000000000000000000000000000000 1.000000000000000000000000000000000000000
.9771718706724033471377702760501543080471 .9996512462221021031467030187646168163116 .9999959978059128242300250091371072822056 .9999999632292720240385122179735704297386 .9999999997183456784661798359796591979374 .9999999999981502910618035967400777007521 .9999999999999893689020338902568327243432 .9999999999999999456804585542339186277748 .9999999999999999997501857946010581445496 .9999999999999999999989554821012973841305 .9999999999999999999999959964112037001704 .9999999999999999999999999858342586783270 .9999999999999999999999999999534564872151 .9999999999999999999999999999998572659057 .9999999999999999999999999999999995896273 .9999999999999999999999999999999999988903 .9999999999999999999999999999999999999978 1.000000000000000000000000000000000000000 1.000000000000000000000000000000000000000 1.000000000000000000000000000000000000000
.9847226300108483888314703939275432426046 .9998246814695263897357899406538699102300 .9999983892360408388875755112165847544197 .9999999876619622443906685302633998381181 .9999999999189723822021495112478799375127 .9999999999995342983293310005991396390848 .9999999999999976204996622259434738212995 .9999999999999999890567377723349216103655 .9999999999999999999542442622558690931131 .9999999999999999999998246203734504018704 .9999999999999999999999993794611411917931 .9999999999999999999999999979611332966903 .9999999999999999999999999999937474467475 .9999999999999999999999999999999820233748 .9999999999999999999999999999999999513885 .9999999999999999999999999999999999999026 1 1 1 1
.3862963395495335154733611776464861932390 .9087796808024066609136032309046116609724 1.000000000000000000000000000000000000000
.6638385475909259006305056762499804992803e-1 .8961693684544319976868231885373544568465 1.000000000000000000000000000000000000000
.9569683098432193140552456035182382378728 1.000000000000000000000000000000000000000
.7645710969244040241448556090942396686980 .9999999999999999999999999999999999999999
.8513609660880359813779854493338720088336 .9999999999999999999999999999999999999999
.8089693468769644302249933179035181291048 .9999999999999999999999999999999999999999
.8177687778782818023981013554890401787857e-1 .6050069893762492684572770626675333981800 1.000000000000000000000000000000000000000
.4691827602793510481103598755584386910506 .4841847535511133139371321686094717561215 .4860619451990038365984190656524266805431 .5095264824950409370068212503865057866858 1.000000000000000000000000000000000000001
.9541080640361096369426195239803822022596 .9556024948222128219478317191994021442007 .9985055692138968149947878047809800580592 1.000000000000000000000000000000000000000
.5533555720999897237012340568654618818829 .8938108491598278968853207589915163623194 .9481811775182502320577666159703893628391 .9999999999999999999999999999999999999996
.5698289434575134172367965799050243638847 .9999999999999999999999999999999999999999
.1715227403733036038782044215405283009794 .9999999999999999999999999999999999999997
.9779613177159681657335902878433933737209 1
.9506607751080000083774825502747443400144 1
.4075108379529688894998218906981593244452 1
.2336147645348866469567040469843764424012e-1 1
