0.6535793265240730851820582371764876629700 1
0.2807827160119671781679974008176573333904 1
0.1714490129497411608587807645644161886098 1
0.2299775079997770591355841837819139372363 1
0.003393056421354731450818558839906082700900 0.5016965282106773657254092794199530413504 1
0.5 1
0.2296223972370316669935962953322340493731 1
0.002004355829011561535324703639436691837281 0.5010021779145057807676623518197183459187 1
0.001391489632699480275545958682846410710287 0.5006957448163497401377729793414232053550 1
0.09773039547922473606195654583045925893144 1
0.001102184871781217753066212096027822223543 1
0.004530741754294998700666018471876276189113 1
0.005559799874925148777261420065534921068622 1
0.4660396008409005442428143841077304367589 0.9774543872428041135879252717493429891486 1
0.9139314911518395025831665268558747761105 0.9540428246604077374676942795907363388890 0.9980595327289200856620646855395951941813 1
0.9776799836347847105459137532705742672125 1
0.9521223898730108726191699359333356990056 0.9979784454814195522206612175265703803470 1
0.9538553109473722189868682827817141867564 1
0.9550305174213091237806156784129587530746 0.9989733659235202398556491887350098357537 0.9999843147357645473382653210459938912881 0.9999998199891533401348931731529483237826 0.9999999983460194881995301317782490267351 0.9999999999873301281224751084410775780399 0.9999999999999167878294241907967064434340 0.9999999999999995217122780473940047367466 0.9999999999999999975560356457289202443042 0.9999999999999999999887595534337159370547 0.9999999999999999999999529986874470121915 0.9999999999999999999999998198346659616700 0.9999999999999999999999999993624874475374 0.9999999999999999999999999999979052304151 0.9999999999999999999999999999999935756010 0.9999999999999999999999999999999999815280
0.9771704271961928613097782247167748952199 0.9996512020299987787528633373315012653942 0.9999959970442989894532309339490315401736 0.9999999632199345654863986532736874146056 0.9999999997182562228650457147952740699387 0.9999999999981495857678549339322007522107 0.9999999999999893641711105823087771682945 0.9999999999999999456528246684970655641582 0.9999999999999999997500427863137026141468 0.9999999999999999999989548175816623754098 0.9999999999999999999999959936089163787144 0.9999999999999999999999999858234403443067 0.9999999999999999999999999999534179744880 0.9999999999999999999999999999998571386984 0.9999999999999999999999999999999995892359 0.9999999999999999999999999999999999988879
0.9847216602343494360659915407879854913025 0.9998246591937829427976969234527827466689 0.9999983889288796336990523238864320185690 0.9999999876588239492606836524283140384408 0.9999999999189466115705640984777442529562 0.9999999999995341205470281939076650883142 0.9999999999999976194396715807222154804617 0.9999999999999999890511655283968496105466 0.9999999999999999999542180474720347658359 0.9999999999999999999998245087142868846100 0.9999999999999999999999993790265031446008 0.9999999999999999999999999979595752441792 0.9999999999999999999999999999937422699705 0.9999999999999999999999999999999820072921 0.9999999999999999999999999999999999512103 0.9999999999999999999999999999999999997771
0.3854316290713562024044147692509962650716 0.9079163703607016405141069300445168885348
0.06662988921631177182408203921907688783107 0.8959313909831144289521372881039584015283
0.9569657455759197512915832634279373880551
0.7640713979003601148150534628253032224263
0.8501653615851473907500918343523153654541
0.8071608645806740940010627401936225125361
0.07963498437696750391225853284975211073552 0.6023610482925990792132956375423509904383
0.4829502991821655048854196842434513271374 0.4879216271784850428759775390468872296207 0.4885454765124624401064965488809684429530 0.4963101478278249096496532567546572046310
0.9560405511094318624365648908236725950423 0.9565239511008971210228585528866872554664 0.9995166000085347414137063379369853395756
0.5535958540088289148604002943074177138900 0.8933983286885962713825410472567936149060 0.9480337257586672521908512413440982332280
0.5679551645732395113378442548935271577828
0.1668538303815742183917982921832319575239
0.9779600589575766874456214436600029461009
0.9506192495864292071191439819687282156718
0.4068317716066115111159564465900935744464
0.007648834492449841599000189606219592871462
0.9617010903023023507838315707464936033735 0.9992570503881616029717343924290760165189 0.9999903604323081114198903694969726560272 0.9999999060742358157780943127372670302099 0.9999999992673679765411216226895880343050 0.9999999999952360401211766949156903449289 0.9999999999999734414161728784374432348359 0.9999999999999998704261457392412525986531 0.9999999999999999994380151312073850534767 0.9999999999999999999978061406945118670396 0.9999999999999999999999922137915188426914 0.9999999999999999999999999746677037474339 0.9999999999999999999999999999239189382993 0.9999999999999999999999999999997878190688 0.9999999999999999999999999999999994476898 0.9999999999999999999999999999999999986521
0.9598252415593451566038643806078615052753
0.4730447679412827366680896911927335858688
0.07623941465330829775244856965773683408937 0.9812129048856527659087783605315397087935
0.9632530057363897304305010759097933604241 0.9993164036541123230033184190018027684799 0.9999914955882287064196882153619675971403 0.9999999205499317749136258718004322747212 0.9999999994058358130895046645198466138144 0.9999999999962958123949708681204373586801 0.9999999999999802016091995769219714129457 0.9999999999999999073938873877299676781331 0.9999999999999999996149277381570376785760 0.9999999999999999999985588131287898277404 0.9999999999999999999999950962265760967823 0.9999999999999999999999999847042440049629 0.9999999999999999999999999999559582741975 0.9999999999999999999999999999998822434769 0.9999999999999999999999999999999997061323 0.9999999999999999999999999999999999993126
0.5228954065377459247131744719562191709161
0.9371488295640824152992098003992503578134 0.9692778117712671975455885709315114564654
