0.6617244467515780200511702962325881919461
0.2858251517783132686093476090623008806938
0.1698436191398492749386028612247707092676
0.2321895767742127528955015279566147411533
0.03364843240680449808471298087340416706550 0.5168242162034022490423564904367020835326
0.5
0.2285947884014483960930573391284945286581
0.02007003083676521369847607696835456844309 0.5100350154183826068492380384841772842214
0.01385650199231473983487769712576176063940 0.5069282509961573699174388485628808803199
0.1024186339843654088037543604405321750267
0.01078061073976556641541284415055264091231
0.04397710280058422475312116307218613644848
0.05298452306100625068693168769815943010836
0.4660980406256318969676434530337222753358 0.9775045672000547793842549895471948329106
0.9139901861623577263938392347438175635566 0.9540791918666581513318925044172412095482 0.9980651720126795196882953091624282504390
0.9776957743366559526051044383289644084969
0.9521613895390013713258541952830207443762 0.9979843673019496028613979774671459196261
0.9539587939187408325415350815314737108849
0.9550625627761989300667508518887029560007 0.9989748398562405061169344619461292715323 0.9999843486326860775747606019203818686690 0.9999998205088520230686378064525883028181 0.9999999983519954010736528261644137986101 0.9999999999873851008017380187182014682638 0.9999999999999172092428080840487939578917 0.9999999999999995244812781665377625046808 0.9999999999999999975719557422571511442908 0.9999999999999999999888409143658784692551 0.9999999999999999999999533729088851652295 0.9999999999999999999999998213994295992454 0.9999999999999999999999999993684850860353 0.9999999999999999999999999999979264506281 0.9999999999999999999999999999999936453174 0.9999999999999999999999999999999999817418
0.9771869468511542351667769269730548848458 0.9996517076121636795576030873024366339053 0.9999960057546877225110161493963831273949 0.9999999633266892653708534060126332175058 0.9999999997192786242918963748379480626388 0.9999999999981576439978186849703973926415 0.9999999999999894182055940296433099759852 0.9999999999999999459683415934356493439503 0.9999999999999999997516750770956041104947 0.9999999999999999999989623998608861749471 0.9999999999999999999999960255728534034220 0.9999999999999999999999999859467973035605 0.9999999999999999999999999999538569731625 0.9999999999999999999999999999998585882295 0.9999999999999999999999999999999995936984 0.9999999999999999999999999999999999988990
0.9847327586726837381152302634675725976245 0.9998249140399482399243806940728880628418 0.9999983924417965736144000075308611956707 0.9999999876947038225654232192216403065546 0.9999999999192411471555033948805625695205 0.9999999999995361517664063415100891406535 0.9999999999999976315463759265338353084767 0.9999999999999999891147878679728590320361 0.9999999999999999999545172611336188979887 0.9999999999999999999998257827603931363986 0.9999999999999999999999993839841337874887 0.9999999999999999999999999979773410189676 0.9999999999999999999999999999938012782260 0.9999999999999999999999999999999821900026 0.9999999999999999999999999999999999517913 0.9999999999999999999999999999999999998301
0.3891055567196265438398451709330015846671 0.9115742753315270788064697449886501066669
0.06556816973018705495140465484758324724139 0.8969713872958465274108053558476907144077
0.9569950930811788631969196173719087817784
0.7662545200247689769194826778415390779602
0.8552520396262805172195396984512919435887
0.8148273670963818568676877073503991475468
0.08882042811854977377343780748625244283478 0.6136896022043691612101041376142432527372
0.4284354825511204143503399326029708114272 0.4730383738098058161537781886946944915541 0.4785656245010309247398601307298842777281 0.5486510642484957321773936617866153505577
0.9478297131471680966695135700662347375105 0.9526183374568819273400782737421180406789 0.9952113756902861693294352963241166968314
0.5526547183924505484939228217008572314645 0.8951794326844550528405811516844186037941 0.9486833341396894432953166957482416281936
0.5760326397595181453061300662911849659944
0.1869388877214057136460781659937407661589
0.9779745059482966525571810508094799486627
0.9508157664451582952074940263488870201543
0.4097048313203836995890742553961161981762
0.07204630151125108008895823121416621322632
0.9617210129144002475253593048102995371189 0.9992578281915543947169032672223063410464 0.9999903756155112240413610101473937699578 0.9999999062718261617055708771135471919081 0.9999999992692965194890507764252732742789 0.9999999999952510986625110415478058079732 0.9999999999999735394001943915322610787696 0.9999999999999998709726339975262239147338 0.9999999999999999994406820787513188839696 0.9999999999999999999978177096886178511100 0.9999999999999999999999922589583108413144 0.9999999999999999999999999748280099094058 0.9999999999999999999999999999244404843201 0.9999999999999999999999999999997893853612 0.9999999999999999999999999999999994520572 0.9999999999999999999999999999999999986630
0.9598542591280796711508998135832082929056
0.8349372342998613159880465101455208406446
0.2432150018911660512475627559812376703130 0.8942187008662588773362240626653251222120
0.9632712156224423142868547681962895808695 0.9993170852451002676091479876196683611671 0.9999915083441098629872875850409111116863 0.9999999207090814804479288370961515211482 0.9999999994073250455266363937405810517440 0.9999999999963069607073928339247270320330 0.9999999999999802711555809884026418973631 0.9999999999999999077657591181518543611929 0.9999999999999999996166676203912745899798 0.9999999999999999999985660490533321821826 0.9999999999999999999999951233104462914553 0.9999999999999999999999999847964023659072 0.9999999999999999999999999999562457294235 0.9999999999999999999999999999998830711207 0.9999999999999999999999999999999997083448 0.9999999999999999999999999999999999993179
0.5228362965650393318737704603985549434846
0.7258318572428006381384938434087156909740 0.8659765283663035476955287795977248835963
