.6566457307760838895457660066863156459487 .9999999999999999999999999999999999999998
.2826794868928001359454944441298482224602 1.000000000000000000000000000000000000000
.1708534225262113611497980990179091474950 1.000000000000000000000000000000000000000
.2308095632722047635446321350432703090500 1.000000000000000000000000000000000000000
.1481975769101141118666520400658884943820e-1 .5074098788455057055933326020032944247189 .9999999999999999999999999999999999999996
.5000000000000000000000000000000000000002 1.000000000000000000000000000000000000000
.2292465223388745618726199852908762173455 .9999999999999999999999999999999999999999
.8786199484499596431269688155144379998104e-2 .5043930997422497982156348440775721899988 .9999999999999999999999999999999999999995
.6087040155588978985815502403212877157469e-2 .5030435200777944894929077512016064385789 1.000000000000000000000000000000000000000
.9951172438871744397794848189470139696066e-1 1
.4788967655618511390712509919059985618231e-2 1
.1962738274576972180584985309549358685804e-1 1.000000000000000000000000000000000000000
.2391627648740727960672819159159672428411e-1 1.000000000000000000000000000000000000000
.4660505962253604473902320210685763716555 .9774638568896224113586551775626172522716 .9999999999999999999999999999999999999967
.9139423327992983549747182592070206304059 .9540495599079490026386410684082157357530 .9980605920962197402376622132984683122144 .9999999999999999999999999999999999999997
.97768290042100675377090880832444206162 1.00000000000000000000000000000000000000
.9521296113589427492323317079960384477245 .9979795577604585401746414513505390033069 1.000000000000000000000000000000000000000
.9538748367566897534597230174438820917845 1.000000000000000000000000000000000000000
.9550364367170690998335505597337324114732 .9989736382637157424420562184835767703639 .9999843210007988695000262312705392128997 .9999998200852357541288786640059084084885 .9999999983471246493788013092292742805037 .9999999999873402975691677497056060621019 .9999999999999168658102413260492995645787 .9999999999999995222248223972126750549220 .9999999999999999975589833449901834677491 .9999999999999999999887746223622461712883 .9999999999999999999999530680179073271488 .9999999999999999999999998201246493431036 .9999999999999999999999999993635992652170 .9999999999999999999999999999979091652993 .9999999999999999999999999999999935885326 .9999999999999999999999999999999999815679 .9999999999999999999999999999999999999502 .9999999999999999999999999999999999999999 1.000000000000000000000000000000000000000 1.000000000000000000000000000000000000000
.9771734786714760720631536870119182387657 .9996512954477724283745066375832158061442 .9999959986542188890422760970687014284555 .9999999632396716376643484236149693700142 .9999999997184453031186223729722230655292 .9999999999981510764786243395689372238535 .9999999999999893741700452784026292561878 .9999999999999999457112275633084220259364 .9999999999999999997503450167612669046507 .9999999999999999999989562219124548520028 .9999999999999999999999959995307861825798 .9999999999999999999999999858463011310184 .9999999999999999999999999999534993548544 .9999999999999999999999999999998574074888 .9999999999999999999999999999999995900659 .9999999999999999999999999999999999988924 .9999999999999999999999999999999999999978 1.000000000000000000000000000000000000000 1.000000000000000000000000000000000000000 1.000000000000000000000000000000000000000
.9847237103188460065754418318372226606986 .9998247062825069673512472628891722637418 .9999983895781650969263017012607173022646 .9999999876654575250786011647272340472417 .9999999999190010823477840602462531189893 .9999999999995344963079659622246150568879 .9999999999999976216799898961148585044875 .9999999999999999890629421958060141778416 .9999999999999999999542734491812010287852 .9999999999999999999998247446837719223471 .9999999999999999999999993799449918242620 .9999999999999999999999999979628676452130 .9999999999999999999999999999937532088606 .9999999999999999999999999999999820413219 .9999999999999999999999999999999999514791 .9999999999999999999999999999999999999026 1 1 1 1
.3868227446935732827194406154543298299661 .9093045263350387328026653355874636242293 .9999999999999999999999999999999999999996
.6623292735374498958842967906078776371508e-1 .8963162645970517727988452396317534918730 .9999999999999999999999999999999999999994
.9569711663996491774873591296035103152027 .9999999999999999999999999999999999999993
.7648794970406133609296582085289552700797 1.000000000000000000000000000000000000000
.8520893055310124335246012791265082526386 1.000000000000000000000000000000000000000
.8100690818106871245506082339354488335172 1.000000000000000000000000000000000000000
.8308692048247401578207439453824590063508e-1 .6066240197251863430519021428892253278347 .9999999999999999999999999999999999999998
.4611003167771474424107860832799004211658 .4819844488443416328073553770598823842971 .4845930361104904311264786119859286324620 .5172859112390537188664069742800241757255 1.000000000000000000000000000000000000000
.9529315081450061043817750812522290148400 .9550421559871146699377908687867291248632 .9978893521578914344439842124654998899743 .9999999999999999999999999999999999999975
.5532148332039761860743090003754771854852 .8940639532530809765952047097490033535256 .9482725639805286261955376224329389112881 1.000000000000000000000000000000000000001
.5709778941295006117409515297662067499405 .9999999999999999999999999999999999999999
.1743827700969290445302883480880700891003 1.000000000000000000000000000000000000000
.9779627213434147962284950259759181327755 1
.9506874636626150586281778000575014139603 1
.4079233492913957086426399032787899379032 1
.3275441895724886916381952732575400715646e-1 1
